Graph 1
Optimal solution for 1: 22
All solutions for 1
[
	[22, 28, 22, 22, 28, 22, 22, 29, 22, 28], 
	[22, 28, 22, 22, 22, 22, 22, 22, 22, 28], 
	[34, 22, 34, 32, 22, 28, 22, 22, 28, 22], 
	[22, 22, 22, 22, 31, 22, 28, 22, 34, 27], 
	[28, 22, 22, 22, 22, 22, 22, 22, 22, 22], 
	[22, 28, 22, 22, 22, 22, 22, 22, 22, 22], 
	[22, 22, 22, 29, 28, 22, 28, 30, 34, 25], 
	[22, 28, 32, 22, 28, 22, 22, 33, 22, 22]
]

Graph 2
Optimal solution for 2: 23
All solutions for 2
[
	[25, 25, 25, 26, 25, 25, 25, 25, 25, 23], 
	[25, 25, 25, 25, 25, 25, 27, 25, 26, 25], 
	[25, 25, 25, 25, 25, 25, 25, 25, 29, 25], 
	[25, 25, 25, 25, 25, 25, 25, 25, 25, 25], 
	[25, 25, 23, 25, 25, 25, 25, 25, 23, 25], 
	[23, 25, 23, 25, 25, 25, 25, 23, 25, 25], 
	[25, 25, 25, 25, 25, 25, 25, 25, 25, 25], 
	[25, 25, 25, 25, 25, 25, 25, 25, 25, 25]
]

Graph 3
Optimal solution for 3: 19
All solutions for 3
[
	[24, 26, 24, 21, 23, 26, 25, 23, 21, 22], 
	[21, 27, 25, 23, 25, 23, 25, 24, 21, 25], 
	[21, 26, 24, 24, 24, 24, 24, 24, 24, 21], 
	[21, 21, 26, 27, 25, 24, 26, 24, 21, 24], 
	[21, 22, 23, 21, 21, 23, 21, 21, 22, 21], 
	[22, 22, 23, 22, 22, 21, 21, 21, 22, 21], 
	[24, 24, 24, 24, 24, 24, 24, 24, 26, 24], 
	[24, 24, 23, 24, 24, 24, 21, 26, 21, 21]
]


